0.00862098
0.00826597
0.00814795
0.00954795
0.00845504
0.00752687
0.01031709
0.00761199
0.00760198
0.00748396
0.00750494
0.00792909
0.00917196
0.00752902
0.00784492
0.00752807
0.00803185
0.00809288
0.00757194
0.00801492
0.00774503
0.00748515
0.00773001
0.00749493
0.00783110
0.00758219
0.00762391
0.00750089
0.00797200
0.00752902
0.00755119
0.00750303
0.00746799
0.00769806
0.00778103
0.00749302
0.00756311
0.00753999
0.00763798
0.00911903
0.00770521
0.00763988
0.00773311
0.00749803
0.00747895
0.00757504
0.00767803
0.00762892
0.00752115
0.00751305
0.00751400
0.00760794
0.00759411
0.00750113
0.00760794
0.00751781
0.00782108
0.00746298
0.00760007
0.00752497
0.00799799
0.00760698
0.01223207
0.00784302
0.00750804
0.00755596
0.00750804
0.00755906
0.00758910
0.00771093
0.00751209
0.00766993
0.00747204
0.00755000
0.00749803
0.00748682
0.00760484
0.00761294
0.01016188
0.00749803
0.00777602
0.00757504
0.00748110
0.00747085
0.00762820
0.00759292
0.00746799
0.00751615
0.00760484
0.00786114
0.00744510
0.00747895
0.00748801
0.00783801
0.00754690
0.00747418
0.00759697
0.00749493
0.00790215
0.00756216
