0.00378203
0.00478601
0.00345302
0.00366902
0.00388408
0.00354004
0.00526500
0.00372505
0.00355887
0.00350213
0.00349307
0.00351286
0.00376892
0.00351715
0.00514007
0.00392890
0.00427389
0.00349998
0.00492907
0.00354505
0.00355077
0.00377321
0.00335288
0.00448513
0.00369000
0.00440693
0.00369310
0.00355291
0.00372291
0.00349307
0.00370121
0.00353193
0.00349212
0.00361705
0.00372982
0.00338817
0.00339603
0.00345802
0.00364804
0.00361896
0.00355601
0.00339198
0.00350904
0.00342107
0.00364304
0.00344992
0.00364900
0.00379014
0.00355601
0.00532007
0.00364304
0.00349903
0.00336719
0.00362992
0.00344110
0.00355506
0.00347114
0.00347400
0.00343895
0.00359297
0.00337815
0.00356197
0.00338006
0.00379705
0.00396490
0.00343084
0.00501990
0.00408101
0.00363708
0.00347400
0.00367999
0.00528097
0.00520515
0.00500703
0.00340819
0.00498700
0.00464010
0.00361609
0.00523496
0.00370002
0.00360084
0.00358200
0.00352407
0.00352097
0.00342202
0.00359607
0.00356793
0.00455308
0.00356913
0.00567603
0.00524521
0.00541520
0.00502086
0.00418496
0.00529790
0.00510788
0.00524211
0.00565600
0.00364184
0.00369716
