0.0073230267
0.0071859360
0.0073599815
0.0072770119
0.0074119568
0.0072779655
0.0090658665
0.0110349655
0.0089418888
0.0073509216
0.0075018406
0.0073478222
0.0073268414
0.0073270798
0.0078310966
0.0091540813
0.0083980560
0.0080938339
0.0096948147
0.0107140541
0.0088081360
0.0073330402
0.0089280605
0.0117688179
0.0093431473
0.0106930733
0.0105390549
0.0089819431
0.0092918873
0.0091390610
0.0086529255
0.0114870071
0.0087599754
0.0078740120
0.0107951164
0.0095658302
0.0120058060
0.0073318481
0.0101449490
0.0114200115
0.0074920654
0.0114228725
0.0090489388
0.0082819462
0.0092101097
0.0072400570
0.0103211403
0.0097899437
0.0080711842
0.0074861050
0.0072009563
0.0073330402
0.0076329708
0.0072870255
0.0071840286
0.0087051392
0.0115261078
0.0084321499
0.0091919899
0.0095009804
0.0108489990
0.0111598969
0.0119960308
0.0116791725
0.0090870857
0.0096678734
0.0072059631
0.0094139576
0.0092799664
0.0072040558
0.0072479248
0.0073859692
0.0073368549
0.0072500706
0.0072238445
0.0075039864
0.0088779926
0.0073781013
0.0082399845
0.0072240829
0.0074970722
0.0073218346
0.0103361607
0.0072028637
0.0100839138
0.0096521378
0.0083739758
0.0088520050
0.0105009079
0.0073840618
0.0115129948
0.0117981434
0.0097279549
0.0071499348
0.0079410076
0.0088369846
0.0073089600
0.0121178627
0.0104539394
0.0089349747
