0.00310302
0.00377917
0.00400996
0.00392413
0.00405002
0.00372410
0.00405884
0.00391793
0.00412989
0.00387502
0.00392604
0.00385690
0.00398803
0.00345993
0.00355697
0.00423384
0.00395393
0.00216699
0.00240088
0.00392985
0.00353503
0.00289083
0.00218797
0.00223303
0.00227213
0.00222111
0.00221610
0.00234604
0.00243115
0.00218415
0.00405502
0.00286412
0.00236678
0.00217915
0.00218701
0.00340104
0.00217414
0.00225115
0.00216007
0.00216103
0.00213909
0.00252986
0.00223899
0.00232792
0.00219893
0.00224209
0.00217414
0.00216317
0.00231814
0.00219607
0.00215197
0.00224614
0.00219202
0.00299597
0.00218606
0.00216889
0.00350285
0.00214386
0.00238585
0.00214410
0.00383210
0.00345993
0.00218916
0.00219011
0.00330114
0.00225782
0.00214219
0.00218487
0.00217414
0.00222683
0.00214887
0.00221610
0.00237298
0.00218987
0.00213981
0.00214410
0.00336409
0.00217104
0.00216699
0.00236893
0.00229907
0.00217080
0.00216913
0.00215316
0.00215912
0.00217390
0.00226688
0.00230384
0.00216818
0.00218487
0.00216007
0.00220203
0.00380397
0.00400305
0.00396395
0.00393009
0.00399017
0.00341988
0.00350904
0.00389099
