0.00011706
0.00012112
0.00011683
0.00011611
0.00011492
0.00011516
0.00011420
0.00011492
0.00011492
0.00011587
0.00011706
0.00011611
0.00018811
0.00011992
0.00012398
0.00011516
0.00011611
0.00011492
0.00011492
0.00011683
0.00011492
0.00011587
0.00011611
0.00011706
0.00011611
0.00019503
0.00011587
0.00022483
0.00011396
0.00011802
0.00011492
0.00011611
0.00015712
0.00011587
0.00011611
0.00011492
0.00018907
0.00012493
0.00011396
0.00011492
0.00011683
0.00011301
0.00019288
0.00018907
0.00012207
0.00011492
0.00011897
0.00011897
0.00011396
0.00011587
0.00017786
0.00011706
0.00011492
0.00011706
0.00011516
0.00011611
0.00011683
0.00011611
0.00011587
0.00011396
0.00011492
0.00011396
0.00011492
0.00012779
0.00011802
0.00011802
0.00011706
0.00014615
0.00011396
0.00011396
0.00011516
0.00011492
0.00011492
0.00011611
0.00011992
0.00011396
0.00011897
0.00011516
0.00011611
0.00011587
0.00012708
0.00011802
0.00011516
0.00011897
0.00015688
0.00013089
0.00011396
0.00011420
0.00011611
0.00014496
0.00015497
0.00011301
0.00011802
0.00011802
0.00011516
0.00011492
0.00011516
0.00011492
0.00011802
0.00011897
