0.00029802
0.00028300
0.00030303
0.00028300
0.00027609
0.00027704
0.00027394
0.00037789
0.00030613
0.00037313
0.00027180
0.00029182
0.00026417
0.00026917
0.00026798
0.00050092
0.00028205
0.00028491
0.00046182
0.00028706
0.00027394
0.00028396
0.00026584
0.00027704
0.00026798
0.00026894
0.00027800
0.00026917
0.00036120
0.00027704
0.00028110
0.00029612
0.00039291
0.00028205
0.00029612
0.00029111
0.00028205
0.00028586
0.00026989
0.00028801
0.00028300
0.00028610
0.00027609
0.00028181
0.00028419
0.00027084
0.00028014
0.00027394
0.00027490
0.00029302
0.00028992
0.00028896
0.00040722
0.00030589
0.00029302
0.00027514
0.00028396
0.00028300
0.00036192
0.00034595
0.00027299
0.00027084
0.00035906
0.00026393
0.00027800
0.00029421
0.00028014
0.00026107
0.00037289
0.00029302
0.00027204
0.00045300
0.00036001
0.00030088
0.00037694
0.00028610
0.00029206
0.00028396
0.00028110
0.00030279
0.00036907
0.00040197
0.00026584
0.00028396
0.00027585
0.00029993
0.00027895
0.00030184
0.00026512
0.00027299
0.00036407
0.00028205
0.00034881
0.00040412
0.00027204
0.00037003
0.00028515
0.00041509
0.00027800
0.00027418
