0.00026798
0.00025582
0.00027013
0.00040412
0.00025988
0.00035310
0.00027108
0.00039220
0.00026298
0.00027204
0.00027800
0.00028014
0.00026011
0.00025392
0.00028801
0.00045395
0.00027990
0.00025892
0.00057602
0.00025201
0.00043488
0.00026894
0.00028801
0.00026107
0.00027084
0.00026703
0.00027394
0.00025606
0.00027990
0.00026798
0.00027609
0.00026798
0.00025797
0.00025606
0.00026107
0.00027800
0.00026417
0.00028086
0.00045204
0.00026298
0.00302005
0.00027108
0.00027084
0.00026703
0.00026798
0.00027800
0.00036502
0.00025678
0.00028014
0.00026393
0.00028110
0.00027394
0.00050592
0.00026011
0.00027394
0.00026107
0.00026298
0.00027084
0.00026393
0.00027585
0.00030899
0.00027609
0.00026107
0.00029111
0.00025511
0.00027299
0.00027800
0.00027800
0.00026393
0.00026584
0.00025797
0.00027490
0.00028801
0.00025296
0.00025487
0.00027490
0.00028515
0.00026202
0.00025797
0.00025988
0.00027585
0.00025415
0.00026894
0.00040483
0.00030303
0.00026417
0.00026393
0.00024915
0.00025606
0.00026512
0.00027394
0.00026894
0.00026894
0.00027323
0.00025988
0.00028706
0.00027990
0.00028205
0.00032210
0.00026608
