0.0001168251
0.0001389980
0.0001080036
0.0001089573
0.0001099110
0.0001089573
0.0001091957
0.0001111031
0.0001108646
0.0001080036
0.0001089573
0.0001089573
0.0001111031
0.0001990795
0.0001089573
0.0001189709
0.0001080036
0.0001111031
0.0001089573
0.0001900196
0.0001089573
0.0001771450
0.0001108646
0.0001099110
0.0001080036
0.0001730919
0.0001149178
0.0001089573
0.0001089573
0.0001101494
0.0001111031
0.0001120567
0.0001089573
0.0001089573
0.0001740456
0.0001111031
0.0001089573
0.0001108646
0.0001089573
0.0001089573
0.0001080036
0.0002090931
0.0001118183
0.0001089573
0.0001089573
0.0001089573
0.0001790524
0.0001502037
0.0001089573
0.0001089573
0.0001089573
0.0001091957
0.0001101494
0.0001101494
0.0001111031
0.0001099110
0.0001089573
0.0001089573
0.0001130104
0.0001080036
0.0001091957
0.0001661777
0.0001759529
0.0001099110
0.0001108646
0.0001151562
0.0001120567
0.0001130104
0.0001790524
0.0001850128
0.0001120567
0.0001080036
0.0001101494
0.0001080036
0.0001080036
0.0001671314
0.0001108646
0.0001089573
0.0001099110
0.0001089573
0.0001430511
0.0002069473
0.0001559258
0.0001120567
0.0001130104
0.0001080036
0.0001089573
0.0001080036
0.0001111031
0.0001320839
0.0001099110
0.0001111031
0.0001080036
0.0001749992
0.0001080036
0.0001108646
0.0001080036
0.0001089573
0.0001130104
0.0001089573
