0.83271790
0.93646884
0.73998594
0.74471211
0.73018503
0.77029395
0.74461889
0.74961805
0.73504901
0.73564506
0.74231100
0.73208904
0.73807096
0.73320699
0.73241901
0.73735881
0.73727417
0.73490596
0.73473001
0.73509216
0.72934604
0.74128890
0.73991179
0.75377297
0.76111913
0.77521515
0.77586198
0.75614214
0.77796388
0.77564311
0.77388096
0.79282498
0.78652906
0.79990697
0.78530097
0.77790809
0.79910803
0.80196404
0.80079412
0.81410885
0.78116918
0.80507207
0.79794908
0.81033206
0.81112504
0.82401204
0.84586692
0.83655906
0.80533695
0.82172704
0.81717610
0.81807399
0.81078482
0.81956291
0.81818604
0.81210613
0.82665014
0.83105493
0.83706713
0.85187387
0.80750394
0.81069899
0.81498003
0.81571507
0.85476017
1.00750494
0.99787402
1.05379415
1.06224394
0.87384510
0.85794091
0.84648490
0.83482194
0.84556603
0.85201907
0.89391708
0.83757782
0.83010197
0.82543492
0.84667206
0.83942580
0.84428906
0.83305097
0.84308314
0.83200598
0.83629918
0.87988687
0.83440685
0.83229709
0.82721686
0.84316897
0.82120395
0.83541989
0.82521009
0.83465290
0.81991315
0.83894110
0.82587099
0.83291101
0.81480789
