0.21394014
0.19533896
0.21046901
0.20080900
0.20655799
0.20674610
0.20153522
0.19899201
0.20004582
0.19222188
0.19636703
0.19312215
0.19372916
0.19341111
0.19746900
0.19779491
0.19360685
0.19801998
0.19408894
0.19530296
0.19403911
0.19490910
0.19852209
0.19339204
0.19849491
0.19481015
0.19615102
0.19462085
0.19689894
0.19865298
0.19335699
0.19606209
0.18653083
0.18985701
0.19092393
0.19115615
0.19614911
0.18762398
0.19252706
0.18697500
0.19447803
0.18794084
0.19558001
0.19021082
0.19198513
0.19406819
0.18716979
0.19117188
0.18757796
0.19476700
0.18813205
0.18977404
0.19411492
0.19208694
0.19290519
0.18989396
0.19742012
0.18704200
0.19247103
0.18690991
0.18903804
0.19325709
0.18653083
0.19424200
0.18728709
0.19358706
0.18661189
0.19111204
0.18794084
0.18806982
0.18903494
0.18807292
0.19507313
0.19287109
0.19002604
0.18904710
0.19443583
0.19131708
0.18893099
0.19533420
0.18652105
0.19246197
0.18607092
0.19117188
0.18702602
0.19867992
0.18861103
0.18669319
0.19085598
0.19037509
0.19299388
0.18928409
0.19658399
0.18945003
0.18739891
0.18834782
0.18533206
0.19194508
0.18808913
0.19547701
