0.7334852219
0.7589099407
0.7362160683
0.7218391895
0.7273421288
0.7302200794
0.7255580425
0.7255630493
0.7318551540
0.7213799953
0.7175939083
0.7214519978
0.7319171429
0.7247409821
0.7266030312
0.7253618240
0.7224299908
0.7216060162
0.7296140194
0.7219409943
0.7288451195
0.7196850777
0.7213490009
0.7300589085
0.7324299812
0.7243089676
0.7285928726
0.7488451004
0.8856050968
0.7567648888
0.7993869781
0.7549610138
0.7346692085
0.7242121696
0.7222659588
0.7719759941
0.8538911343
0.7748479843
0.7572140694
0.8777060509
1.0273878574
0.7851140499
0.7505300045
0.7410290241
0.7852671146
0.7278199196
0.7753570080
0.7413330078
0.9091470242
0.9176371098
0.9289371967
0.7641952038
0.7793171406
0.7490799427
0.7680258751
0.7488939762
0.7453880310
0.7399818897
0.7540140152
0.7418839931
0.7355830669
0.7310068607
0.7282638550
0.7273659706
0.7437901497
0.7220571041
0.7466320992
0.7440769672
0.7216210365
0.7384731770
0.7388920784
0.7312979698
0.7437820435
0.7672419548
0.7598099709
0.7696819305
0.7349469662
0.7254559994
0.7350671291
0.7376778126
0.7364599705
0.7299041748
0.7413210869
0.7315320969
0.7375211716
0.7394080162
0.7298960686
0.7288639545
0.7355489731
0.7462649345
0.7402949333
0.7415809631
0.7424020767
0.7460300922
0.7325179577
0.7626850605
0.7663319111
0.7677769661
0.7390849590
0.7469491959
