0.15627789
0.15093303
0.16713381
0.14873910
0.15825415
0.15652204
0.15687919
0.14895701
0.14315295
0.15303898
0.14513803
0.15422893
0.14179492
0.13784790
0.13590384
0.14219809
0.13531804
0.14245510
0.13639212
0.14596605
0.14249206
0.14512205
0.14175487
0.13860202
0.14295912
0.13954186
0.14349198
0.14251804
0.14326000
0.13666201
0.14731789
0.13641310
0.13830304
0.13780499
0.13556290
0.13757396
0.13553309
0.13914394
0.14002681
0.14124799
0.13706589
0.14171481
0.13669181
0.13586187
0.14231515
0.13571095
0.13680601
0.13723993
0.14159799
0.14705491
0.15964603
0.15939307
0.17155004
0.14451194
0.14769697
0.14079380
0.14235592
0.13621879
0.14238596
0.15206003
0.14226317
0.14414692
0.14095902
0.14373708
0.15275908
0.15472507
0.14248800
0.14978099
0.14216805
0.14846182
0.14550304
0.14541411
0.14664292
0.14406204
0.13838220
0.14249015
0.13976002
0.14157391
0.14205194
0.13590503
0.15033102
0.14282203
0.14221215
0.14088607
0.14475918
0.13932705
0.13958216
0.13639998
0.13734484
0.14326286
0.14859796
0.14471316
0.13911700
0.14523101
0.13859892
0.13668513
0.13594890
0.14123702
0.14121079
0.13698697
