2.11749911
2.00752306
2.01866198
1.99333000
1.96899199
1.96610093
1.94974113
1.99805999
2.03490090
1.99235201
1.99546885
2.00831580
1.94261098
1.93636107
1.98791695
2.00232196
1.97970510
1.99967313
1.98815989
1.97477698
1.93433404
1.95648003
1.99665594
2.00228620
1.99808598
1.98625088
1.94508195
1.92768717
1.98607898
2.16411495
2.05178404
2.00776315
1.96792412
1.94516921
1.95006704
2.00419593
2.00115204
1.99392295
1.99298596
1.96423507
1.94126916
1.96956992
1.99811292
1.99407792
2.00755310
1.99003100
1.99491906
1.92797303
1.94594407
1.99135113
1.99094605
1.99374318
1.98601079
2.00829506
1.92549181
1.93641806
1.98836684
1.99778605
1.97803617
1.99884605
2.00842500
1.98393083
1.93393803
1.93221402
2.00504398
1.99670577
1.99403000
2.01224995
1.98302889
1.94020104
1.92971802
1.97713494
2.00195718
2.06112695
2.08396983
2.06600285
1.94112396
1.95614600
1.98012805
2.00112510
2.00676799
1.98606491
1.99761701
1.95920706
1.96363592
1.97494912
1.99339104
2.00532913
1.98539400
1.98372912
1.97890401
1.94003510
2.04081011
1.96284699
1.99326992
1.99312401
1.99672294
1.98640418
1.98596907
1.92607188
