11.88713908
12.64730716
12.07099104
13.12548900
11.67301512
11.84861207
14.06482792
19.29908586
20.77285814
15.19472289
13.84057498
13.53070211
17.48900604
15.84122300
13.60581923
14.71953416
19.35172009
15.00619578
13.84724092
15.86658001
18.70386291
13.53965211
19.46915388
17.02798414
17.66446400
14.68876290
20.58503604
13.71684384
14.27429986
14.73044491
12.47617602
14.02490091
20.43029690
16.02079821
13.13480496
15.87869096
13.56062889
13.71394992
12.46084404
14.06651616
14.74162602
13.87370610
26.72998500
19.80653501
14.59950399
13.18725395
15.21310806
20.30898094
17.25293803
13.22952604
13.39026999
13.22502589
20.23584604
16.96833110
13.18412995
17.08885312
12.78442812
17.76029921
19.59563017
16.28489995
13.31042099
20.61651397
13.50529289
16.00813818
14.70027685
16.68893504
13.83447886
14.06764483
16.71111798
14.62960505
15.86862111
12.65402603
13.76037908
20.28510189
13.70993400
13.11361885
18.22263598
13.07892299
12.56142998
15.00519896
14.43114901
14.50527382
12.78703904
16.28714609
15.25546408
13.20683408
12.80700088
20.26361895
13.64376903
14.05639291
14.14782596
14.65223289
14.43631816
15.94174981
13.27925014
14.36609411
17.51664996
13.65062594
14.40948296
15.19553494
