1.94924617
1.61262989
1.65467787
1.70886803
1.46167088
1.47544503
1.70370984
1.51818585
1.51420498
1.57238197
1.50092602
1.52767897
1.49292588
1.98807287
1.47917795
1.64752889
1.67016101
1.58838606
1.52484202
1.46760583
1.48413992
1.68696904
1.74812508
1.64736891
1.56575680
1.51745176
1.46607614
1.55321908
1.53826594
1.50049186
1.54867005
1.46180081
1.61456704
1.54373693
1.54543686
1.49894500
1.56357288
1.62378788
1.52089000
1.50170898
1.53567696
1.64738202
1.61150193
1.63650393
1.74514699
1.53946090
1.70038390
1.48710418
1.52198815
1.53867912
1.68679094
1.53640985
1.49792600
1.55181098
1.51804399
1.47878981
1.56931400
1.69746423
1.55510712
1.71755505
1.71856499
1.65914011
1.44928789
1.58768010
1.53905201
1.79746199
1.55956101
1.73250604
1.57861900
1.66441798
1.46131492
1.51461601
1.79162097
1.80045199
1.59913206
1.54540610
1.50022793
1.57689500
1.90694594
1.68998384
1.51533389
1.68306684
1.51512098
1.54536009
1.58258080
1.58573008
1.57217383
1.51172495
1.56047392
1.52124810
1.55098510
1.53540707
1.66775608
1.56244802
1.64079189
1.76315808
1.56496000
1.65375400
1.50156307
1.60970116
