9.0889470577
8.4701139927
7.4214429855
9.2617681026
8.3640739918
8.8472621441
8.5524370670
7.1470179558
9.7394158840
6.6751739979
6.9119758606
7.0763800144
8.4199731350
7.9821469784
8.6047480106
6.9274859428
8.7139270306
8.5942521095
8.4397799969
8.7168130875
11.5122129917
7.2764420509
8.5921180248
7.7215211391
8.8777859211
9.4670529366
8.1148889065
9.3737480640
9.1515741348
7.9884450436
8.5606958866
6.7247719765
7.2770528793
8.4481480122
6.7978169918
8.7351000309
6.6535749435
8.0303938389
8.2942700386
7.0314910412
8.8841359615
7.5942661762
8.5885050297
7.7514140606
8.0619249344
8.8372130394
8.5098340511
8.6920590401
17.7860419750
11.6343419552
9.2184329033
10.2411520481
10.9938428402
7.1126589775
7.2271611691
7.3153569698
7.5489919186
7.8618299961
9.1652820110
7.8892681599
9.2897970676
7.2133119106
8.4222111702
8.8927209377
7.5415461063
9.2388589382
10.3218009472
9.2054800987
7.9580020905
9.3521418571
9.2219579220
10.9335708618
9.0179131031
8.6613478661
7.8663060665
8.1326940060
7.3390078545
8.6963381767
7.7012190819
9.0795099735
7.0811250210
7.8945729733
8.3330781460
7.9622120857
8.2563061714
8.5044729710
7.8832430840
9.4823710918
9.6629481316
8.2214539051
7.9659211636
7.1619579792
7.8941459656
8.6388390064
10.0143878460
8.1752901077
7.7122180462
7.8754341602
10.4054360390
8.5940458775
