25.02644992
23.54520607
22.31860209
22.86302400
25.03218198
24.54377007
22.00919008
21.13301611
24.41740108
22.94864988
21.83140516
24.66380906
22.59364510
21.73914194
21.25286198
22.20639896
22.71932101
27.20225787
23.42795300
21.94914818
24.27693892
23.71006489
23.44258809
23.78445601
22.96095991
22.93876886
25.11925411
23.79360294
22.41842008
23.92944384
23.43159318
24.72348905
25.10752702
25.46277285
27.43976593
25.68518114
22.70185995
22.81469297
27.20249605
27.49880219
26.16961098
27.06957793
27.23900199
24.40292215
26.34551382
23.62359905
25.29952407
25.44570518
27.58018994
26.39158797
26.35506296
26.08359385
27.75392509
25.79030299
25.23345304
25.62232709
25.70789099
26.98858595
27.17388105
26.07779193
26.39633608
26.50332880
28.61505914
26.75954485
25.77156878
26.22623205
24.63777900
24.37832308
27.94954300
26.45102811
25.79418612
25.58009601
25.75773382
24.36635303
24.99386096
24.64757681
27.42750096
24.56312394
25.69373393
26.08571410
27.41688895
27.05540705
27.31382895
26.80620098
26.48168302
25.89105701
25.16524100
24.11636209
24.95967913
25.66196990
25.72244596
25.07267404
24.66303802
28.41531897
25.37661910
24.82390189
27.04517913
23.96037602
25.29470181
25.34165812
