123.17375898
116.92793107
121.47197604
119.54247689
119.36327600
121.24233198
120.39153004
121.30146289
119.43366194
121.30205798
125.11195993
153.25140309
164.18128896
150.72223091
151.88298297
163.69909906
161.20524406
154.05445194
147.32332206
157.08630204
153.77071810
155.84959412
158.81243110
158.96367311
152.40450191
157.80869007
151.42942190
158.16853619
158.27442598
150.99022913
152.35583091
157.03484297
149.85762095
153.66919684
149.34437513
159.64998388
153.06399584
147.18238211
148.50376296
144.38632512
154.06936002
150.12461209
144.62198997
142.41036797
148.39824986
151.23116994
152.35808301
144.34936500
159.30965614
149.74743891
150.19391489
153.46236205
153.37135005
143.69341803
149.95376611
149.66774988
146.48587799
147.40127206
159.80695009
151.31999993
155.92326784
149.43106890
161.31807899
160.52175093
146.28942013
152.01023293
147.55273485
153.23746490
152.40317607
168.25293183
153.30975890
147.47910619
146.29598808
145.86686206
145.30767989
153.79667306
151.17732692
149.26780295
151.71876788
149.23478699
147.77261591
141.69005489
161.74545407
149.14713311
146.88312984
152.99270797
145.16295004
140.58298206
150.22428989
144.43703604
156.53471303
144.09443188
150.67263913
149.43870497
150.20738292
122.42446899
117.76165295
118.66126299
117.25096107
117.15038490
