18.12846804
17.87158513
17.14299488
17.44301105
19.35202503
18.04956985
16.32015300
17.52505898
17.79898405
18.06573009
18.39050603
17.61274600
19.35325003
16.43787813
18.22517610
18.08631992
18.63752294
18.64584708
17.47038102
19.68187213
17.31575418
17.13947797
17.22256112
18.63687611
19.26857185
17.94031811
16.31969810
19.31930995
18.71013784
19.16651011
18.41890597
18.43072486
15.78780890
19.42311287
18.03723001
17.48056006
17.07308602
17.54754281
17.53184581
18.11537504
19.65010214
17.20792699
19.98914909
19.82904887
18.42860603
18.16733789
18.94107699
19.05975008
17.03300714
16.90732503
18.25888896
19.91864085
20.67735100
19.58178401
18.30230403
17.19431114
20.42532706
19.91779995
17.61514306
17.44743395
20.07673001
18.42201805
17.80814791
19.23212290
17.26705408
18.07716298
19.19051909
18.51427412
19.15624285
17.66435814
17.82816505
18.40914297
18.12595320
19.96825719
18.49146986
18.62986922
19.18287587
17.96768785
19.30733895
18.17201495
20.24876404
19.84949708
19.13334107
17.90227103
17.28545713
20.11781192
18.44753504
17.23667192
18.65367007
18.99180698
16.99338698
17.90385604
17.57246304
17.67343593
17.25100183
20.07659793
20.02027798
18.18349195
19.32422686
19.07187009
