119.2664599419
123.1802730560
119.4000990391
118.3207020760
120.1132910252
119.0584738255
119.1863269806
125.7228679657
118.6101758480
120.8779628277
122.2003669739
118.0625419617
121.4703569412
118.7204349041
121.4000921249
118.9690780640
118.6195800304
120.8684210777
122.2498869896
121.0340349674
118.5218510628
118.8960170746
119.1661901474
119.2636959553
117.7422380447
117.9635050297
119.6632940769
119.6869549751
117.6041569710
123.2320301533
119.6486511230
118.0880229473
118.1455550194
121.4148249626
118.3774478436
118.4136130810
121.1147170067
120.8633179665
121.0664269924
121.4376559258
125.3978369236
120.3215100765
119.5506498814
120.5737700462
118.1023700237
119.6651320457
120.1128029823
121.2711889744
118.7171308994
121.5802879333
117.1613769531
120.5142071247
121.5035347939
117.8174540997
123.5568268299
119.6220860481
117.6928298473
120.7070648670
118.0677590370
120.0865168571
119.0506970882
118.1997649670
118.2640500069
116.9034171104
118.8766570091
118.0032439232
119.1401629448
120.0852420330
118.7983870506
117.0717339516
119.0866439342
123.4080429077
123.6332998276
114.3827118874
109.5250880718
109.0608711243
110.2535941601
109.6760840416
109.8438689709
110.2071678638
110.0172560215
110.3413381577
108.7371981144
108.8321750164
108.2586410046
109.5844068527
110.1070349216
109.8131189346
109.9054379463
109.9122979641
108.2801949978
108.8959679604
110.4612679482
118.8095419407
118.2442500591
117.7886528969
119.4007430077
112.6286909580
111.6762900352
111.4864091873
