0.09228921
0.09016800
0.08831406
0.10137916
0.08569384
0.08556390
0.09609985
0.08974791
0.09130383
0.09334779
0.09125304
0.08513808
0.08778596
0.08572602
0.08722115
0.08557916
0.08427906
0.09007406
0.08577991
0.08437991
0.08690405
0.08454514
0.08762097
0.08644700
0.08615398
0.08604407
0.08626699
0.08915210
0.08474183
0.08739519
0.08456302
0.08476400
0.08645892
0.08494997
0.08527803
0.09099984
0.08709192
0.08479595
0.08831692
0.08571005
0.08485103
0.09373808
0.08654404
0.08629394
0.09209204
0.08572984
0.08712101
0.08626294
0.08459997
0.08458304
0.08736110
0.08575892
0.08660102
0.08499217
0.08564186
0.08622313
0.08684015
0.08624101
0.08464313
0.08500099
0.08457589
0.08898997
0.08466101
0.09059501
0.08618999
0.08624387
0.08461499
0.08476996
0.08452797
0.08457994
0.08623099
0.08645082
0.08445811
0.08581305
0.08629894
0.08602786
0.08630800
0.08633304
0.08542681
0.08674312
0.08484292
0.08848882
0.08650804
0.08561087
0.08637404
0.09007382
0.08472419
0.08527207
0.09127998
0.08601117
0.08475399
0.08750701
0.08468199
0.08479786
0.08620906
0.08514380
0.08409190
0.08822203
0.09138203
0.08574700
