0.02257705
0.01892495
0.02317500
0.01964903
0.01875806
0.02105403
0.01907206
0.01872802
0.01899886
0.01886201
0.01974297
0.02002192
0.01941204
0.01968694
0.02241111
0.01967597
0.01955986
0.01936698
0.01979494
0.01940703
0.01912689
0.01981902
0.01912713
0.02026606
0.01887608
0.01898289
0.01914501
0.01920009
0.02088904
0.01894593
0.01871300
0.01914001
0.01889491
0.02244687
0.02046490
0.01913404
0.02055907
0.01886201
0.01981688
0.01897097
0.01908517
0.01875401
0.01898503
0.02284408
0.02081203
0.01898003
0.01895595
0.01914191
0.01898384
0.01897693
0.01917291
0.01898384
0.01871705
0.02056694
0.01884508
0.01876998
0.01952219
0.01906300
0.01918197
0.01905203
0.01913404
0.01900506
0.01948309
0.01881289
0.01912308
0.01897502
0.01906085
0.02083898
0.01910090
0.01896000
0.01864886
0.01885819
0.01880789
0.01870203
0.01869607
0.01900196
0.01893997
0.01910901
0.01874185
0.01882696
0.01857805
0.01883197
0.02147603
0.01892304
0.01909280
0.01904893
0.01873398
0.02083015
0.01860094
0.01872706
0.01861811
0.01899314
0.02120805
0.01897502
0.01880813
0.01871610
0.01874495
0.01915479
0.01919484
0.01916003
