0.01778793
0.01835203
0.02010608
0.01900887
0.01770616
0.02050209
0.01870608
0.01767516
0.01761293
0.01957583
0.01830006
0.02023196
0.01823092
0.01863503
0.01937985
0.01874781
0.01853585
0.01943493
0.01770091
0.01772690
0.01768708
0.01778603
0.01944995
0.01881099
0.01833105
0.01780200
0.01785898
0.02131081
0.01880097
0.01782084
0.01805401
0.01756310
0.02071810
0.01785779
0.01774406
0.01757598
0.01777911
0.01912093
0.01763201
0.01761389
0.01764894
0.01769996
0.01770687
0.01771498
0.01771402
0.01757288
0.01842213
0.01749301
0.02101898
0.01768494
0.01763892
0.01779079
0.01791501
0.01973295
0.01799917
0.01785183
0.01761198
0.01772714
0.02037692
0.01807690
0.01928091
0.01767707
0.01780581
0.01775694
0.01771402
0.01762080
0.01851487
0.01783586
0.01773691
0.01750112
0.02065802
0.01761699
0.01894403
0.01765704
0.01760006
0.01793694
0.01786280
0.01766706
0.01763797
0.02118397
0.02077103
0.02063107
0.01769686
0.01861501
0.01780891
0.01773787
0.01779604
0.01799107
0.01778817
0.01763487
0.01750493
0.01789498
0.01765990
0.01750088
0.01765013
0.01781678
0.01821709
0.01771307
0.01766109
0.01781702
