0.0617549419
0.0630958080
0.0584809780
0.0618488789
0.0649380684
0.0586547852
0.0608232021
0.0615489483
0.0730102062
0.0602259636
0.0684368610
0.0612440109
0.0630950928
0.0586512089
0.0607039928
0.0586910248
0.0588650703
0.0633990765
0.0631010532
0.0654959679
0.0607471466
0.0591459274
0.0591249466
0.0592648983
0.0616049767
0.0603449345
0.0592648983
0.0610361099
0.0597610474
0.0592389107
0.0593779087
0.0592570305
0.0597620010
0.0601601601
0.0604631901
0.0594658852
0.0592029095
0.0589160919
0.0591161251
0.0604009628
0.0595359802
0.0612051487
0.0592818260
0.0592119694
0.0601570606
0.0599920750
0.0599880219
0.0589308739
0.0610330105
0.0606939793
0.0595419407
0.0598680973
0.0598118305
0.0609810352
0.0598850250
0.0613889694
0.0606889725
0.0610251427
0.0605189800
0.0603249073
0.0600039959
0.0600728989
0.0602400303
0.0591568947
0.0594210625
0.0600900650
0.0604889393
0.0605990887
0.0605859756
0.0604979992
0.0599958897
0.0646400452
0.0606579781
0.0603210926
0.0626900196
0.0605649948
0.0607550144
0.0605938435
0.0605180264
0.0602359772
0.0607340336
0.0601689816
0.0602569580
0.0599160194
0.0600161552
0.0615000725
0.0603830814
0.0610609055
0.0651640892
0.0605502129
0.0611090660
0.0610301495
0.0610778332
0.0639870167
0.0609979630
0.0613977909
0.0643999577
0.0608580112
0.0602178574
0.0611050129
