0.00238204
0.00022697
0.00031686
0.00032210
0.00032592
0.00021291
0.00044298
0.00024700
0.00023508
0.00024009
0.00024199
0.00025105
0.00030017
0.00037193
0.00025392
0.00034595
0.00023794
0.00024986
0.00022316
0.00023603
0.00026393
0.00025105
0.00023413
0.00023699
0.00024319
0.00023413
0.00022888
0.00021601
0.00022411
0.00023222
0.00022507
0.00023007
0.00024414
0.00024104
0.00024295
0.00025296
0.00024605
0.00025082
0.00027490
0.00022912
0.00029421
0.00030184
0.00023508
0.00029492
0.00034499
0.00024104
0.00026107
0.00023389
0.00022793
0.00023794
0.00022006
0.00021696
0.00026703
0.00023389
0.00022006
0.00031710
0.00022602
0.00021195
0.00023985
0.00023317
0.00047207
0.00046396
0.00022888
0.00031686
0.00030398
0.00023508
0.00022483
0.00025105
0.00023198
0.00023293
0.00024104
0.00023293
0.00024390
0.00021791
0.00021601
0.00021791
0.00023198
0.00022697
0.00022197
0.00031400
0.00034285
0.00286698
0.00023103
0.00023603
0.00023603
0.00022006
0.00023103
0.00032902
0.00023103
0.00030208
0.00025797
0.00022483
0.00034094
0.00038981
0.00043702
0.00023293
0.00031304
0.00047994
0.00032592
0.00030494
0.00023389
0.00025296
0.00023007
0.00022888
0.00022817
0.00022197
0.00029707
0.00022793
0.00033784
0.00023484
0.00023913
0.00026393
0.00024486
0.00032115
0.00023413
0.00023007
0.00022292
0.00024009
0.00023508
0.00024390
0.00029087
0.00024986
0.00028706
0.00025392
0.00021696
0.00034785
0.00023890
0.00022817
0.00022197
0.00022101
0.00023103
0.00024295
0.00032210
0.00023508
0.00023198
0.00039411
0.00028110
0.00022888
0.00024009
0.00024319
0.00044417
0.00022602
0.00024104
0.00024986
0.00025105
0.00023508
0.00022578
0.00024390
0.00024414
0.00023198
0.00023699
0.00023985
0.00022817
0.00023699
0.00023293
0.00023103
0.00024605
0.00023794
0.00024295
0.00023699
0.00023913
0.00025201
0.00034094
0.00023103
0.00023603
0.00025201
0.00022912
0.00023293
0.00023198
0.00036716
0.00053215
0.00051594
0.00026011
0.00024486
0.00023508
0.00022197
0.00023007
0.00022316
0.00022602
0.00031304
0.00023580
0.00024390
0.00025678
0.00023794
0.00023103
0.00030398
0.00023198
0.00023317
0.00024104
0.00024605
0.00025296
0.00024295
0.00025392
0.00027704
0.00023699
0.00024009
0.00027990
0.00024199
0.00024199
0.00025105
