0.00001502
0.00001407
0.00001478
0.00001502
0.00001502
0.00001383
0.00001502
0.00001597
0.00003600
0.00001407
0.00001407
0.00001597
0.00001597
0.00001502
0.00001502
0.00003719
0.00001502
0.00001502
0.00001502
0.00001597
0.00001502
0.00001502
0.00001502
0.00001502
0.00001502
0.00001502
0.00001502
0.00001597
0.00002384
0.00001502
0.00001502
0.00001502
0.00001407
0.00001502
0.00001597
0.00001502
0.00001407
0.00001478
0.00001597
0.00001502
0.00001621
0.00001502
0.00001597
0.00001502
0.00001383
0.00001502
0.00001383
0.00001502
0.00001502
0.00001407
0.00001597
0.00001383
0.00001717
0.00001502
0.00001597
0.00001502
0.00001407
0.00001502
0.00001502
0.00001502
0.00001478
0.00002503
0.00002193
0.00001597
0.00001478
0.00001502
0.00001597
0.00001502
0.00002313
0.00001502
0.00002384
0.00001502
0.00001597
0.00001597
0.00001502
0.00001502
0.00002313
0.00002408
0.00001407
0.00002599
0.00002313
0.00001597
0.00001502
0.00001693
0.00001502
0.00001407
0.00001478
0.00001407
0.00001788
0.00001502
0.00001502
0.00001597
0.00003695
0.00001502
0.00001383
0.00002599
0.00002408
0.00001383
0.00001597
0.00002408
0.00002313
0.00001502
0.00001502
0.00001407
0.00001502
0.00001597
0.00001502
0.00001502
0.00001502
0.00001407
0.00001502
0.00001597
0.00001597
0.00001502
0.00001597
0.00001502
0.00001407
0.00001502
0.00001383
0.00001502
0.00001478
0.00001597
0.00001597
0.00001407
0.00001478
0.00001407
0.00001597
0.00001597
0.00001597
0.00002313
0.00001788
0.00001502
0.00001383
0.00001502
0.00001407
0.00001502
0.00001597
0.00001597
0.00001597
0.00001407
0.00002384
0.00001621
0.00001621
0.00001597
0.00001597
0.00001717
0.00001502
0.00001502
0.00002408
0.00001407
0.00001502
0.00002408
0.00002289
0.00001502
0.00001502
0.00001502
0.00001597
0.00001502
0.00001621
0.00001597
0.00001597
0.00002289
0.00001383
0.00001717
0.00001502
0.00001597
0.00001502
0.00001502
0.00001478
0.00001597
0.00001597
0.00001478
0.00001502
0.00001502
0.00001502
0.00001407
0.00001407
0.00001383
0.00001502
0.00001502
0.00001502
0.00001383
0.00001597
0.00001502
0.00002289
0.00001788
0.00001502
0.00001478
0.00001502
0.00001478
0.00001502
0.00002408
0.00001502
0.00001502
0.00001502
0.00001502
0.00001407
0.00001478
0.00002503
0.00001478
