0.0000140667
0.0000131130
0.0000128746
0.0000138283
0.0000278950
0.0000128746
0.0000219345
0.0000131130
0.0000140667
0.0000131130
0.0000128746
0.0000128746
0.0000140667
0.0000138283
0.0000219345
0.0000209808
0.0000128746
0.0000209808
0.0000140667
0.0000228882
0.0000231266
0.0000209808
0.0000140667
0.0000138283
0.0000138283
0.0000128746
0.0000131130
0.0000140667
0.0000140667
0.0000131130
0.0000140667
0.0000350475
0.0000231266
0.0000140667
0.0000140667
0.0000150204
0.0000219345
0.0000209808
0.0000150204
0.0000219345
0.0000219345
0.0000131130
0.0000140667
0.0000131130
0.0000131130
0.0000140667
0.0000140667
0.0000138283
0.0000128746
0.0000228882
0.0000131130
0.0000228882
0.0000140667
0.0000140667
0.0000281334
0.0000138283
0.0000138283
0.0000209808
0.0000128746
0.0000140667
0.0000128746
0.0000228882
0.0000209808
0.0000231266
0.0000138283
0.0000240803
0.0000140667
0.0000140667
0.0000131130
0.0000219345
0.0000150204
0.0000140667
0.0000128746
0.0000138283
0.0000128746
0.0000140667
0.0000138283
0.0000140667
0.0000140667
0.0000140667
0.0000138283
0.0000209808
0.0000150204
0.0000219345
0.0000131130
0.0000331402
0.0000140667
0.0000140667
0.0000209808
0.0000131130
0.0000138283
0.0000138283
0.0000150204
0.0000150204
0.0000128746
0.0000131130
0.0000140667
0.0000128746
0.0000150204
0.0000138283
0.0000150204
0.0000140667
0.0000140667
0.0000128746
0.0000140667
0.0000140667
0.0000128746
0.0000138283
0.0000140667
0.0000140667
0.0000128746
0.0000140667
0.0000128746
0.0000138283
0.0000131130
0.0000140667
0.0000128746
0.0000140667
0.0000131130
0.0000140667
0.0000128746
0.0000140667
0.0000140667
0.0000140667
0.0000138283
0.0000140667
0.0000131130
0.0000140667
0.0000138283
0.0000140667
0.0000138283
0.0000140667
0.0000140667
0.0000140667
0.0000150204
0.0000138283
0.0000128746
0.0000150204
0.0000169277
0.0000140667
0.0000140667
0.0000140667
0.0000131130
0.0000140667
0.0000131130
0.0000128746
0.0000138283
0.0000140667
0.0000140667
0.0000131130
0.0000131130
0.0000140667
0.0000138283
0.0000128746
0.0000128746
0.0000131130
0.0000138283
0.0000131130
0.0000140667
0.0000128746
0.0000140667
0.0000140667
0.0000150204
0.0000140667
0.0000128746
0.0000128746
0.0000140667
0.0000140667
0.0000150204
0.0000150204
0.0000131130
0.0000150204
0.0000140667
0.0000140667
0.0000140667
0.0000140667
0.0000131130
0.0000131130
0.0000140667
0.0000138283
0.0000138283
0.0000138283
0.0000140667
0.0000138283
0.0000128746
0.0000150204
0.0000140667
0.0000150204
0.0000140667
0.0000131130
0.0000140667
0.0000150204
0.0000150204
0.0000140667
0.0000140667
0.0000140667
0.0000140667
0.0000128746
0.0000131130
0.0000131130
