11.34493399
10.15490389
11.35789013
10.36186910
12.13191700
11.24888396
11.29517508
0.00022507
0.00030208
0.00023198
0.00024199
0.00024605
0.00022793
0.00023794
0.00025082
0.00024009
0.00021482
0.00022602
0.00023007
0.00025201
0.00022602
0.00024104
0.00023198
0.00024009
0.00022101
0.00022697
0.00023603
0.00022793
0.00024986
0.00024199
0.00023007
0.00025105
0.00022912
0.00026798
0.00024295
0.00034213
0.00024891
0.00021982
0.00021601
0.00022697
0.00024796
0.00022197
0.00023198
0.00024581
0.00024915
0.00028396
0.00024104
0.00024819
0.00022292
0.00022602
0.00023890
0.00026989
0.00034904
0.00023985
0.00022697
0.00021696
0.00023293
0.00025296
0.00024009
0.00023985
0.00032711
0.00025797
0.00024390
0.00023699
0.00024199
0.00022292
0.00023603
0.00024295
0.00023794
0.00022697
0.00022197
0.00023699
0.00024509
0.00024605
0.00024199
0.00022292
0.00024295
0.00022697
0.00024486
0.00024509
0.00023508
0.00025487
0.00023198
0.00026202
0.00023723
0.00023293
0.00022602
0.00024199
0.00023198
0.00024295
0.00022388
0.00021815
0.00023389
0.00034499
0.00030708
0.00023103
0.00023508
0.00024104
0.00023413
0.00024104
0.00022388
0.00023603
0.00029302
0.00022006
0.00024319
0.00023413
0.00022602
