0.00059700
0.00058103
0.00057888
0.00057888
0.00054789
0.00057507
0.00056505
0.00061297
0.00068092
0.00057101
0.00056195
0.00057697
0.00057006
0.00057006
0.00056505
0.00055695
0.00089812
0.00114489
0.00054622
0.00056195
0.00056887
0.00056005
0.00136209
0.00055695
0.00061107
0.00055194
0.00056386
0.00060201
0.00057602
0.00055313
0.00057912
0.00061798
0.00059509
0.00058293
0.00056100
0.00055790
0.00054884
0.00056005
0.00058603
0.00058007
0.00083995
0.00057697
0.00059295
0.00059605
0.00081110
0.00055790
0.00055909
0.00065589
0.00114202
0.00059199
0.00057602
0.00056100
0.00069594
0.00056195
0.00057888
0.00055599
0.00055623
0.00058484
0.00057888
0.00057220
0.00056696
0.00063300
0.00056887
0.00070190
0.00057077
0.00060892
0.00059485
0.00059390
0.00058603
0.00082588
0.00058985
0.00086498
0.00056601
0.00063086
0.00084090
0.00060010
0.00087810
0.00056410
0.00056100
0.00090003
0.00060010
0.00059104
0.00056100
0.00056505
0.00057411
0.00067902
0.00057602
0.00058699
0.00055003
0.00056195
0.00056696
0.00058794
0.00056505
0.00084996
0.00054288
0.00067806
0.00056911
0.00059581
0.00056887
0.00055599
