0.00098395
0.00088692
0.00088406
0.00089788
0.00141501
0.00156379
0.00090504
0.00093508
0.00089717
0.00099516
0.00089908
0.00112391
0.00089407
0.00089693
0.00089693
0.00089884
0.00135994
0.00089121
0.00089812
0.00090694
0.00089502
0.00090504
0.00089407
0.00090289
0.00089383
0.00089788
0.00090313
0.00089383
0.00090599
0.00090003
0.00088906
0.00089097
0.00089598
0.00095487
0.00089812
0.00089788
0.00089097
0.00090289
0.00152898
0.00090098
0.00089097
0.00089717
0.00089788
0.00088000
0.00089002
0.00089192
0.00089598
0.00089407
0.00090289
0.00090218
0.00090408
0.00089288
0.00090003
0.00099015
0.00089979
0.00089097
0.00153589
0.00089908
0.00090313
0.00091386
0.00089812
0.00089192
0.00089693
0.00089598
0.00093198
0.00090098
0.00089717
0.00089788
0.00089502
0.00089693
0.00089788
0.00152111
0.00089097
0.00089312
0.00088882
0.00089192
0.00089693
0.00089097
0.00089598
0.00089693
0.00089002
0.00089502
0.00090098
0.00089002
0.00089002
0.00089693
0.00089002
0.00089121
0.00089097
0.00089598
0.00089288
0.00089598
0.00089693
0.00088906
0.00089002
0.00089693
0.00089717
0.00090599
0.00089002
0.00089002
