0.0008349419
0.0009069443
0.0008399487
0.0008351803
0.0008380413
0.0008428097
0.0008349419
0.0008411407
0.0008611679
0.0008409023
0.0008370876
0.0008430481
0.0008449554
0.0008389950
0.0008399487
0.0008409023
0.0008380413
0.0014181137
0.0008378029
0.0008409023
0.0008420944
0.0008449554
0.0014801025
0.0008420944
0.0008389950
0.0008389950
0.0008490086
0.0008459091
0.0008399487
0.0017929077
0.0008389950
0.0008401871
0.0008380413
0.0008389950
0.0008349419
0.0014340878
0.0008361340
0.0008378029
0.0008420944
0.0008349419
0.0008900166
0.0008440018
0.0008409023
0.0008370876
0.0008459091
0.0008351803
0.0008428097
0.0008878708
0.0009958744
0.0008380413
0.0008480549
0.0008358955
0.0008358955
0.0008389950
0.0008440018
0.0008611679
0.0008401871
0.0008349419
0.0008420944
0.0008358955
0.0008358955
0.0008380413
0.0008409023
0.0008358955
0.0008368492
0.0008440018
0.0008349419
0.0008358955
0.0008411407
0.0008361340
0.0008559227
0.0008399487
0.0008349419
0.0008418560
0.0008678436
0.0008418560
0.0008361340
0.0008380413
0.0009498596
0.0008459091
0.0008378029
0.0008361340
0.0008411407
0.0008430481
0.0008370876
0.0008368492
0.0008461475
0.0008461475
0.0008380413
0.0008358955
0.0008420944
0.0008399487
0.0008850098
0.0008411407
0.0008950233
0.0009779930
0.0008449554
0.0008361340
0.0008351803
0.0008409023
