0.00062299
0.00050592
0.00052881
0.00049996
0.00052500
0.00050902
0.00051284
0.00062990
0.00084901
0.00050211
0.00050712
0.00051594
0.00050187
0.00048304
0.00050592
0.00047994
0.00063610
0.00052905
0.00082302
0.00050688
0.00051522
0.00049305
0.00052691
0.00051618
0.00050712
0.00051999
0.00050116
0.00050211
0.00051999
0.00049686
0.00058985
0.00051403
0.00048685
0.00050807
0.00051093
0.00050402
0.00057006
0.00050998
0.00049281
0.00050402
0.00047994
0.00050092
0.00048804
0.00049210
0.00050282
0.00080204
0.00052285
0.00051308
0.00050712
0.00049496
0.00050116
0.00068498
0.00049996
0.00050211
0.00049615
0.00049090
0.00052309
0.00050306
0.00050497
0.00051904
0.00051594
0.00049496
0.00048590
0.00049186
0.00048995
0.00049806
0.00049996
0.00050402
0.00050211
0.00049901
0.00051999
0.00050616
0.00050402
0.00050783
0.00050092
0.00049114
0.00050306
0.00048995
0.00049996
0.00049400
0.00051808
0.00051808
0.00070500
0.00050521
0.00048995
0.00050688
0.00050902
0.00063896
0.00049710
0.00078201
0.00050306
0.00052023
0.00063396
0.00048590
0.00049090
0.00048399
0.00052691
0.00051713
0.00049996
0.00051093
